0.014278
0.014297
0.014315
0.014313
0.01431
0.014316
0.014305
0.014294
0.014296
0.014285
0.014283
0.014267
0.014257
0.014241
0.014229
0.014218
0.014183
0.014172
0.014141
0.014115
0.014088
0.014072
0.014031
0.014003
0.013978
0.013938
0.013896
0.01387
0.013827
0.013789
0.013759
0.013724
0.013673
0.013637
0.0136
0.013553
0.013513
0.013456
0.01341
0.013369
0.013326
0.013285
0.013203
0.013176
0.013119
0.013063
0.013031
0.01296
0.01291
0.012847
0.01279
0.012746
0.012684
0.012617
0.012568
0.012509
0.012465
0.012403
0.012338
0.012279
0.012207
0.012146
0.012104
0.012038
0.011977
0.01192
0.011865
0.011792
0.011714
0.011678
0.011608
0.011538
0.011466
0.011396
0.011346
0.011271
0.011212
0.011153
0.011081
0.011013
0.010952
0.010888
0.010809
0.010746
0.010698
0.010634
0.01055
0.010499
0.010418
0.010375
0.010287
0.010235
0.010157
0.010092
0.010033
0.009954
0.009896
0.009823
0.009763
0.009716
0.009637
0.009584
0.009507
0.009444
0.00937
0.009306
0.009227
0.009167
0.009099
0.009036
0.008973
0.008917
0.008846
0.008785
0.008726
0.008662
0.008602
0.008529
0.008469
0.008401
0.008336
0.008272
0.008208
0.008145
0.00808
0.008015
0.007956
0.007909
0.007839
0.007747
0.1665
0.177681
0.149342
0.115626
0.102133
0.091633
0.083028
0.075817
0.069605
0.064084
0.059145
0.05462
0.050393
0.046451
0.042705
0.039142
0.035808
0.032622
0.02957
0.026683
0.02386
0.021136
0.018517
0.015976
0.013525
0.011166
0.00889
0.006711
0.004606
0.002589
0.000661
-0.001175
-0.002969
-0.004679
-0.006362
-0.007932
-0.009464
-0.010979
-0.012412
-0.013805
-0.015166
-0.016479
-0.017767
-0.019008
-0.020239
-0.021428
-0.022577
-0.023712
-0.024821
-0.025896
-0.026948
-0.027991
-0.028999
-0.030008
-0.030986
-0.031941
-0.032892
-0.033824
-0.034736
-0.035634
-0.036512
-0.037364
-0.038214
-0.039044
-0.039838
-0.040608
-0.041363
-0.042089
-0.042773
-0.043415
-0.044028
-0.044592
-0.045134
-0.045619
-0.046038
-0.04642
-0.04678
-0.04705
-0.047306
-0.047483
-0.047645
-0.04775
-0.047826
-0.047846
-0.047828
-0.047776
-0.047682
-0.047561
-0.047413
-0.047223
-0.047001
-0.04675
-0.046465
-0.046159
-0.045829
-0.04547
-0.045111
-0.044684
-0.044272
-0.043839
-0.043375
-0.042919
-0.042423
-0.041913
-0.041397
-0.040881
-0.04034
-0.039793
-0.039231
-0.038659
-0.038072
-0.03749
-0.036901
-0.036295
-0.035679
-0.035063
-0.034434
-0.033821
-0.033179
-0.032546
-0.031904
-0.031279
-0.030639
-0.030001
-0.02935
-0.028726
-0.028082
-0.027438
-0.026775
-0.026152
-0.0255
-0.024884
-0.024246
-0.023598
-0.022978
-0.022339
-0.021735
-0.021117
-0.020497
-0.019879
-0.019276
-0.018671
-0.018078
-0.017479
-0.016883
-0.01628
-0.015703
-0.015136
-0.014555
-0.013985
-0.013408
-0.012874
-0.012319
-0.011776
-0.011227
-0.010706
-0.01019
-0.009665
-0.009143
-0.008636
-0.008124
-0.007634
-0.007141
-0.006659
-0.00618
-0.005701
-0.005234
-0.00479
-0.004336
-0.003899
-0.00346
-0.003036
-0.002608
-0.002203
-0.001801
-0.001396
-0.000995
-0.00062
-0.000233
0.000137
0.000501
0.000854
0.001207
0.001552
0.001881
0.002195
0.002499
0.002811
0.003119
0.003411
0.003692
0.00398
0.004262
0.004541
0.004815
0.005088
0.005358
0.005624
0.005907
0.006173
0.006429
0.006686
0.006946
0.007222
0.007459
0.007719
0.007938
0.008188
0.00843
0.008656
0.008869
0.009102
0.00932
0.009517
0.009716
0.009907
0.010091
0.010281
0.010442
0.010614
0.010787
0.010944
0.011116
0.011257
0.011419
0.011556
0.011703
0.011844
0.011989
0.012113
0.012258
0.012366
0.012501
0.012631
0.01274
0.012848
0.012951
0.013062
0.013162
0.013264
0.013339
0.013424
0.013511
0.013583
0.013651
0.01372
0.013784
0.013844
0.013893
0.013932
0.013985
0.014015
0.014056
0.014082
0.014113
0.014144
0.014162
0.014191
0.014216
0.014235
0.014243
0.014264
0.014267
0.014281
0.01428
0.014287
0.014283
0.014271
0.014258
0.014267
0.014262
0.014246
0.014236
0.01421
0.014208
0.014186
0.014181
0.01416
0.014129
0.014116
0.014095
0.014052
0.014036
0.013989
0.013961
0.013931
0.013905
0.013867
0.013835
0.013786
0.013764
0.013712
0.01368
0.013639
0.013581
0.013553
0.013513
0.013463
0.013413
0.013365
0.013321
0.01326
0.013217
0.013169
0.013111
0.013065
0.013022
0.01296
0.012921
0.012862
0.012803
0.012754
0.012688
0.012634
0.012578
0.012509
0.01247
0.012397
0.012348
0.012287
0.012209
0.012161
0.012121
0.012046
0.011986
0.011923
0.011864
0.011814
0.011741
0.011677
0.011623
0.011543
0.011489
0.011419
0.01135
0.0113
0.011229
0.011156
0.011091
0.011032
0.010969
0.010905
0.010837
0.010772
0.01071
0.010649
0.01058
0.01051
0.010445
0.010378
0.010317
0.01024
0.010183
0.010116
0.010041
0.009988
0.009908
0.009851
0.009776
0.009724
0.00966
0.009598
0.009525
0.009458
0.009386
0.009319
0.009247
0.00919
0.009135
0.009062
0.008987
0.008932
0.008878
0.008819
0.008742
0.008665
0.008616
0.008549
0.008487
0.00842
0.008354
0.00829
0.008238
0.008163
0.008105
0.00805
0.007984
0.007917
0.007859
0.007798
0.049844
0.181654
0.175229
0.132384
0.110237
0.09824
0.088486
0.080423
0.073615
0.067649
0.062356
0.057564
0.053176
0.049037
0.04516
0.041491
0.038004
0.034702
0.031574
0.028588
0.025701
0.02292
0.020252
0.017637
0.015128
0.012696
0.01037
0.00812
0.005953
0.003879
0.001913
0.000014
-0.001832
-0.003591
-0.005289
-0.006942
-0.008509
-0.010021
-0.011491
-0.01292
-0.014294
-0.015643
-0.016944
-0.018213
-0.019454
-0.020661
-0.021835
-0.02298
-0.024097
-0.025191
-0.026268
-0.027322
-0.028346
-0.029351
-0.030352
-0.03132
-0.032277
-0.033208
-0.034141
-0.035041
-0.035922
-0.036807
-0.037642
-0.038492
-0.039303
-0.040094
-0.04086
-0.041601
-0.042292
-0.042978
-0.043614
-0.044207
-0.044752
-0.045282
-0.045731
-0.046155
-0.046524
-0.046855
-0.047122
-0.047343
-0.047533
-0.047659
-0.047753
-0.047815
-0.047805
-0.047789
-0.047725
-0.047622
-0.047495
-0.047326
-0.047127
-0.046891
-0.046627
-0.046342
-0.046027
-0.045683
-0.045325
-0.044941
-0.044539
-0.044101
-0.043653
-0.043183
-0.042711
-0.042219
-0.041718
-0.041202
-0.040672
-0.040134
-0.039586
-0.039003
-0.038436
-0.037855
-0.037268
-0.036661
-0.036072
-0.035452
-0.034836
-0.034209
-0.033577
-0.032952
-0.032303
-0.031676
-0.031044
-0.030395
-0.029758
-0.029123
-0.028472
-0.02783
-0.027191
-0.026547
-0.025904
-0.025258
-0.02462
-0.023995
-0.023356
-0.022748
-0.022117
-0.021511
-0.020897
-0.020284
-0.019669
-0.01906
-0.018464
-0.017865
-0.01727
-0.016683
-0.016089
-0.015513
-0.014932
-0.014358
-0.013802
-0.013221
-0.012675
-0.012132
-0.011589
-0.011055
-0.010526
-0.010006
-0.009508
-0.008963
-0.008465
-0.007964
-0.007473
-0.006988
-0.006494
-0.006015
-0.005547
-0.005091
-0.004641
-0.004192
-0.003745
-0.003327
-0.002902
-0.002485
-0.002073
-0.001673
-0.001273
-0.000872
-0.000493
-0.00011
0.000246
0.000622
0.00098
0.00132
0.001662
0.001968
0.002274
0.002597
0.002907
0.003222
0.003508
0.00378
0.004075
0.004349
0.004622
0.004909
0.00518
0.005445
0.005705
0.005977
0.006248
0.006504
0.006773
0.007032
0.007275
0.007538
0.007776
0.008017
0.008257
0.008504
0.008721
0.008938
0.009149
0.00936
0.009568
0.009767
0.009952
0.010138
0.010305
0.010497
0.010654
0.010827
0.010978
0.011143
0.011288
0.011448
0.011584
0.011737
0.011879
0.012026
0.012147
0.012287
0.012412
0.012527
0.012637
0.012764
0.012872
0.012983
0.013089
0.013179
0.013254
0.013355
0.013431
0.013519
0.013584
0.013662
0.013727
0.013787
0.013851
0.013899
0.013946
0.013973
0.014028
0.014053
0.014075
0.014108
0.014153
0.014171
0.014187
0.014205
0.014228
0.014242
0.014255
0.014259
0.014257
0.014263
0.014269
0.014262
0.014263
0.014261
0.014256
0.014224
0.014223
0.014203
0.0142
0.014189
0.014171
0.014142
0.014139
0.014117
0.014087
0.014065
0.014036
0.014008
0.013965
0.013948
0.013911
0.013852
0.013837
0.013799
0.013761
0.013731
0.013684
0.013647
0.013616
0.013566
0.013523
0.013471
0.013441
0.013384
0.01334
0.013295
0.01323
0.013193
0.013147
0.013077
0.013047
0.012983
0.012934
0.012879
0.012817
0.012781
0.012725
0.012666
0.012613
0.012543
0.012485
0.012428
0.012359
0.012303
0.012255
0.012178
0.01214
0.012079
0.012008
0.011961
0.011904
0.011815
0.011772
0.011728
0.011645
0.011589
0.011508
0.011437
0.011387
0.011307
0.011251
0.01119
0.011129
0.011061
0.010983
0.01094
0.01087
0.0108
0.010736
0.010687
0.010606
0.01055
0.010479
0.01041
0.010339
0.01027
0.010205
0.010146
0.010074
0.010004
0.009934
0.009875
0.009808
0.00976
0.009676
0.009616
0.009555
0.009487
0.009424
0.009358
0.009288
0.009224
0.009167
0.009089
0.00902
0.008964
0.0089
0.008845
0.008787
0.008709
0.008659
0.008584
0.008531
0.008459
0.008395
0.008326
0.008258
0.008199
0.008142
0.008069
0.008015
0.007947
0.007895
0.007823
0.007759
0.131177
0.180481
0.164156
0.121441
0.105687
0.094569
0.085482
0.077924
0.071448
0.065743
0.060635
0.055978
0.051694
0.047654
0.043826
0.040221
0.036807
0.033566
0.030482
0.027539
0.02469
0.021962
0.019294
0.016691
0.014218
0.01182
0.009545
0.007313
0.005172
0.003125
0.001181
-0.0007
-0.002504
-0.004249
-0.005923
-0.007528
-0.00909
-0.010596
-0.012044
-0.013451
-0.014814
-0.016131
-0.017423
-0.018676
-0.019919
-0.021117
-0.022261
-0.023401
-0.024504
-0.025604
-0.026658
-0.0277
-0.028733
-0.029723
-0.030698
-0.031656
-0.032602
-0.033548
-0.034466
-0.035348
-0.036228
-0.037113
-0.037942
-0.038772
-0.039568
-0.040348
-0.041098
-0.041818
-0.042508
-0.043183
-0.043803
-0.04439
-0.044922
-0.045406
-0.045858
-0.04626
-0.046602
-0.046913
-0.047167
-0.047376
-0.047551
-0.047668
-0.047734
-0.047797
-0.047791
-0.047744
-0.047675
-0.047554
-0.047403
-0.047233
-0.047015
-0.046782
-0.046514
-0.046219
-0.045888
-0.04554
-0.04517
-0.044765
-0.04437
-0.043929
-0.043486
-0.043019
-0.04253
-0.042041
-0.041514
-0.040996
-0.040483
-0.039923
-0.03936
-0.038812
-0.038225
-0.03764
-0.037053
-0.036461
-0.035849
-0.035222
-0.034608
-0.033978
-0.033346
-0.032718
-0.032087
-0.03145
-0.030809
-0.030175
-0.02953
-0.02889
-0.028269
-0.027607
-0.02697
-0.026339
-0.025695
-0.025061
-0.024421
-0.023785
-0.023151
-0.022535
-0.021928
-0.021303
-0.02069
-0.020073
-0.019454
-0.018854
-0.018277
-0.017669
-0.017066
-0.016474
-0.015896
-0.015314
-0.014736
-0.014163
-0.0136
-0.01305
-0.012508
-0.011953
-0.01141
-0.010896
-0.010361
-0.009827
-0.009321
-0.008806
-0.008307
-0.007809
-0.00732
-0.006815
-0.006338
-0.005869
-0.005397
-0.004957
-0.004498
-0.00406
-0.003603
-0.003193
-0.002773
-0.002353
-0.001954
-0.001555
-0.001152
-0.000756
-0.000375
0.000003
0.000362
0.000736
0.001087
0.001411
0.001756
0.002068
0.002387
0.002698
0.003001
0.003294
0.00358
0.003856
0.004151
0.004432
0.004713
0.004987
0.005244
0.005524
0.005792
0.006065
0.006331
0.006585
0.006854
0.0071
0.007369
0.007604
0.00785
0.008097
0.008341
0.008552
0.00879
0.009012
0.009211
0.009424
0.009625
0.009808
0.010005
0.010182
0.010359
0.010526
0.010696
0.010877
0.011018
0.011188
0.011344
0.011474
0.011629
0.011779
0.011921
0.01206
0.012198
0.012326
0.012457
0.012567
0.012691
0.012795
0.012904
0.013005
0.013097
0.013193
0.013289
0.013373
0.013448
0.013537
0.013618
0.013678
0.013733
0.013795
0.013857
0.013909
0.013936
0.013979
0.014019
0.014049
0.014083
0.014122
0.014152
0.014177
0.014186
0.014204
0.014221
0.014236
0.014241
0.014249
0.014263
0.014256
0.014259
0.014263
0.014252
0.014248
0.014235
0.014219
0.014211
0.014203
0.014194
0.01418
0.014161
0.01414
0.014121
0.014105
0.014077
0.01406
0.014014
0.013985
0.013953
0.01393
0.013883
0.013857
0.013807
0.013779
0.013752
0.013712
0.013671
0.013628
0.013584
0.01354
0.01351
0.013458
0.013419
0.013375
0.013329
0.013276
0.013214
0.013166
0.013114
0.013059
0.01302
0.01297
0.01292
0.01286
0.012802
0.012755
0.012699
0.012639
0.012582
0.012525
0.012467
0.012408
0.012345
0.012284
0.012227
0.012157
0.012102
0.012065
0.011984
0.01192
0.01187
0.011809
0.011751
0.01169
0.011621
0.011553
0.01149
0.011418
0.01136
0.011291
0.011222
0.011164
0.0111
0.011029
0.010976
0.010907
0.010842
0.010776
0.010706
0.010656
0.010586
0.01053
0.010452
0.010377
0.010309
0.010257
0.010185
0.010122
0.010051
0.009984
0.009915
0.009858
0.009797
0.009738
0.00967
0.009603
0.009537
0.00946
0.009397
0.009323
0.009264
0.009187
0.00913
0.009073
0.00902
0.008941
0.008884
0.008825
0.008754
0.008698
0.008621
0.008556
0.008498
0.00845
0.008369
0.008308
0.00825
0.008171
0.00812
0.008048
0.007986
0.007919
0.007878
0.007809
0.008089
0.173185
0.176873
0.144689
0.114453
0.101431
0.091117
0.082638
0.075511
0.069335
0.06387
0.058941
0.054419
0.050236
0.046279
0.042531
0.038984
0.035643
0.032447
0.029433
0.026517
0.023702
0.020993
0.018362
0.015811
0.013365
0.011014
0.00874
0.006548
0.004437
0.002436
0.000523
-0.001322
-0.003113
-0.004848
-0.006487
-0.008067
-0.009618
-0.011103
-0.012544
-0.013934
-0.015269
-0.016586
-0.01786
-0.019108
-0.020322
-0.021505
-0.022651
-0.023781
-0.024864
-0.025957
-0.02699
-0.028025
-0.029039
-0.030027
-0.031007
-0.031964
-0.032914
-0.033825
-0.034738
-0.035629
-0.036485
-0.037353
-0.038181
-0.038993
-0.039793
-0.040575
-0.041313
-0.042028
-0.042714
-0.043345
-0.043967
-0.044531
-0.045063
-0.045529
-0.045953
-0.046339
-0.046675
-0.046977
-0.047219
-0.047416
-0.047567
-0.047703
-0.04774
-0.047771
-0.047767
-0.047702
-0.047629
-0.047499
-0.047357
-0.047159
-0.04694
-0.046685
-0.04641
-0.046108
-0.045758
-0.04542
-0.045035
-0.044633
-0.044209
-0.04378
-0.043327
-0.042854
-0.042366
-0.041867
-0.041355
-0.040834
-0.040311
-0.039747
-0.039188
-0.038615
-0.038035
-0.037448
-0.036867
-0.036259
-0.035656
-0.035035
-0.034417
-0.033789
-0.033159
-0.032528
-0.031894
-0.03126
-0.030628
-0.02999
-0.029332
-0.028708
-0.02806
-0.027422
-0.026779
-0.026131
-0.025494
-0.024856
-0.024222
-0.023585
-0.022959
-0.022349
-0.021723
-0.021101
-0.020501
-0.019875
-0.019276
-0.018672
-0.018074
-0.017489
-0.016896
-0.016297
-0.01572
-0.015133
-0.014572
-0.014004
-0.013442
-0.012889
-0.012337
-0.011787
-0.011246
-0.010732
-0.010193
-0.009678
-0.009178
-0.008647
-0.008149
-0.007661
-0.007169
-0.00667
-0.006209
-0.005725
-0.005263
-0.004815
-0.004368
-0.003936
-0.003506
-0.00307
-0.002656
-0.00224
-0.001834
-0.001439
-0.001046
-0.000659
-0.000272
0.000101
0.000465
0.000818
0.001174
0.001488
0.001823
0.002158
0.002468
0.002774
0.003072
0.003366
0.003653
0.003924
0.004224
0.004514
0.004768
0.005046
0.005321
0.005595
0.005859
0.006133
0.006386
0.006659
0.006931
0.007159
0.007429
0.00767
0.007913
0.008164
0.008383
0.008622
0.008837
0.009059
0.009282
0.009472
0.00967
0.009855
0.01006
0.010239
0.010404
0.010577
0.010747
0.010903
0.011045
0.011218
0.011378
0.01152
0.011664
0.011806
0.011946
0.012099
0.012221
0.012348
0.012463
0.012593
0.012707
0.012812
0.012913
0.013027
0.013113
0.013209
0.013306
0.013392
0.013465
0.01355
0.013616
0.013676
0.013753
0.013799
0.013843
0.0139
0.013945
0.013977
0.01402
0.014058
0.01409
0.014113
0.014149
0.014166
0.014182
0.014203
0.014223
0.014225
0.014244
0.014229
0.014255
0.014262
0.014246
0.014248
0.014248
0.014227
0.014227
0.014228
0.014205
0.014204
0.014182
0.014189
0.014165
0.014128
0.014112
0.014098
0.014067
0.014046
0.014006
0.013981
0.013942
0.013918
0.013876
0.013851
0.01381
0.013761
0.013729
0.013702
0.013662
0.013609
0.013575
0.013537
0.013488
0.013457
0.013389
0.013361
0.013288
0.013249
0.013211
0.013139
0.013104
0.013051
0.013005
0.012949
0.012895
0.012836
0.012791
0.012735
0.012676
0.012632
0.01257
0.012503
0.012436
0.012386
0.012332
0.012277
0.012205
0.012153
0.01209
0.012038
0.011977
0.011902
0.011857
0.011797
0.01173
0.011685
0.011598
0.011527
0.011468
0.011403
0.011347
0.011275
0.011211
0.011145
0.011086
0.011033
0.010955
0.010891
0.010815
0.010773
0.010694
0.010641
0.01057
0.010497
0.010444
0.010374
0.010296
0.01024
0.010159
0.010096
0.010043
0.009953
0.009911
0.009837
0.009764
0.0097
0.009648
0.009588
0.009503
0.009443
0.00939
0.009314
0.009255
0.009173
0.009129
0.009043
0.008985
0.008919
0.008847
0.008798
0.008742
0.008672
0.008601
0.008549
0.008486
0.008427
0.008345
0.008285
0.008223
0.008169
0.0081
0.008044
0.007983
0.007911
0.007853
0.007791
0.073262
0.182139
0.173959
0.127985
0.107971
0.09622
0.086652
0.078752
0.072036
0.066197
0.06098
0.056244
0.051906
0.047823
0.043982
0.040356
0.036909
0.033681
0.030569
0.02762
0.024781
0.022032
0.01937
0.016787
0.014297
0.011903
0.009607
0.007384
0.005245
0.003203
0.00124
-0.000638
-0.002447
-0.004193
-0.00586
-0.007491
-0.00903
-0.010533
-0.011993
-0.013388
-0.014746
-0.016065
-0.017349
-0.018613
-0.01982
-0.021007
-0.022167
-0.023296
-0.024401
-0.025482
-0.026523
-0.027575
-0.028589
-0.029575
-0.030547
-0.031505
-0.032439
-0.033362
-0.034281
-0.035161
-0.036035
-0.036887
-0.037724
-0.038555
-0.03935
-0.040133
-0.040878
-0.041616
-0.042306
-0.042979
-0.043589
-0.044191
-0.044736
-0.045221
-0.045701
-0.0461
-0.046464
-0.046785
-0.047049
-0.047272
-0.047454
-0.047575
-0.047688
-0.047732
-0.047732
-0.04769
-0.04762
-0.047518
-0.047375
-0.047214
-0.047015
-0.04679
-0.046502
-0.046224
-0.045908
-0.045558
-0.045199
-0.044799
-0.044401
-0.043964
-0.043509
-0.043048
-0.042572
-0.04209
-0.041577
-0.041052
-0.040533
-0.040002
-0.039435
-0.03886
-0.038298
-0.037721
-0.037126
-0.036533
-0.03593
-0.035321
-0.03469
-0.034075
-0.033441
-0.032819
-0.032178
-0.031556
-0.030908
-0.030276
-0.029639
-0.028989
-0.028368
-0.027712
-0.027067
-0.026418
-0.025794
-0.02515
-0.024508
-0.023863
-0.023243
-0.022616
-0.021999
-0.021377
-0.02075
-0.020123
-0.019537
-0.018937
-0.018343
-0.01774
-0.017137
-0.016552
-0.015973
-0.015387
-0.0148
-0.014241
-0.01367
-0.0131
-0.012552
-0.012021
-0.011471
-0.010944
-0.010412
-0.009893
-0.009364
-0.008865
-0.008356
-0.007843
-0.007348
-0.006861
-0.006382
-0.005911
-0.005435
-0.004972
-0.00453
-0.004091
-0.00365
-0.003217
-0.002795
-0.002371
-0.001966
-0.001567
-0.00117
-0.000775
-0.000393
-0.000026
0.00036
0.000721
0.001062
0.001409
0.00174
0.002075
0.002397
0.002695
0.003001
0.003302
0.003601
0.003874
0.004166
0.004451
0.004707
0.004989
0.005265
0.005548
0.005807
0.006074
0.006336
0.0066
0.006849
0.007122
0.007361
0.007622
0.007879
0.008103
0.008351
0.008572
0.008799
0.009022
0.009238
0.009447
0.009658
0.009843
0.010038
0.010212
0.01039
0.010574
0.010734
0.010917
0.011068
0.011223
0.01137
0.011528
0.011673
0.011816
0.011957
0.012083
0.012239
0.012377
0.012487
0.012612
0.012732
0.012837
0.012947
0.013054
0.01317
0.013252
0.013347
0.013441
0.013523
0.013597
0.013683
0.013742
0.013797
0.013857
0.013914
0.013953
0.014022
0.014047
0.014089
0.014119
0.014148
0.014183
0.014219
0.014236
0.014247
0.014283
0.014303
0.014308
0.01431
0.014331
0.014337
0.014347
0.014337
0.014332
0.014332
0.014315
0.014311
0.014302
0.014292
0.014275
0.014275
0.014262
0.014238
0.014227
0.014199
0.014166
0.014165
0.014126
0.014098
0.014069
0.014032
0.013996
0.013965
0.013934
0.013893
0.013857
0.013812
0.013791
0.01374
0.013706
0.013654
0.013626
0.013582
0.013544
0.013509
0.01345
0.013404
0.013355
0.013298
0.013257
0.013207
0.013156
0.013108
0.013048
0.012998
0.012943
0.012889
0.012836
0.012792
0.012734
0.012662
0.012617
0.012557
0.012489
0.012432
0.012378
0.012314
0.012245
0.012198
0.012147
0.012078
0.012022
0.01195
0.011909
0.01183
0.01176
0.011718
0.011637
0.011568
0.011516
0.011425
0.01138
0.011313
0.011236
0.011182
0.011113
0.011048
0.010989
0.010932
0.010858
0.010803
0.010737
0.010664
0.010604
0.010534
0.010453
0.010387
0.010326
0.010264
0.010212
0.01014
0.010061
0.010006
0.009938
0.009877
0.0098
0.009741
0.009679
0.009617
0.009548
0.009483
0.009403
0.009342
0.009289
0.009209
0.009143
0.009083
0.009017
0.008962
0.008896
0.008831
0.008784
0.008701
0.008643
0.008595
0.008508
0.008452
0.008382
0.008329
0.008253
0.008198
0.008123
0.00807
0.008012
0.007938
0.007889
0.007806
0.147218
0.179422
0.158256
0.117725
0.102978
0.092088
0.083177
0.07578
0.069421
0.06385
0.058831
0.05426
0.050048
0.046069
0.042321
0.038773
0.035419
0.03224
0.029213
0.026308
0.023507
0.020797
0.018174
0.015645
0.013202
0.010855
0.008578
0.006406
0.004311
0.002315
0.0004
-0.001468
-0.003242
-0.004944
-0.006592
-0.00818
-0.009712
-0.011183
-0.012612
-0.013998
-0.01533
-0.016645
-0.017904
-0.019141
-0.020342
-0.021507
-0.022659
-0.023775
-0.024859
-0.025923
-0.026952
-0.027985
-0.028979
-0.029966
-0.030936
-0.031879
-0.032798
-0.033731
-0.034613
-0.035494
-0.03637
-0.037207
-0.038049
-0.038855
-0.039649
-0.040417
-0.041155
-0.041853
-0.042545
-0.043195
-0.043792
-0.044369
-0.04489
-0.045379
-0.045806
-0.046199
-0.046557
-0.046855
-0.047105
-0.047335
-0.047476
-0.047586
-0.047667
-0.0477
-0.047674
-0.047658
-0.047563
-0.047438
-0.047291
-0.047107
-0.0469
-0.046641
-0.046371
-0.046071
-0.045749
-0.04539
-0.045021
-0.044623
-0.044204
-0.043775
-0.043308
-0.042848
-0.042356
-0.041857
-0.041346
-0.040837
-0.040297
-0.039741
-0.039181
-0.03861
-0.03805
-0.037461
-0.036865
-0.036267
-0.035654
-0.035032
-0.034421
-0.033796
-0.033159
-0.032538
-0.031895
-0.031265
-0.030626
-0.029978
-0.029334
-0.028705
-0.028047
-0.02743
-0.026785
-0.02613
-0.025498
-0.024862
-0.024216
-0.023591
-0.022958
-0.022334
-0.021724
-0.021092
-0.020482
-0.019868
-0.019257
-0.018655
-0.018087
-0.017469
-0.016874
-0.016274
-0.015702
-0.015122
-0.014539
-0.013967
-0.013402
-0.012852
-0.012316
-0.011752
-0.011217
-0.010692
-0.010148
-0.009641
-0.009132
-0.008616
-0.008131
-0.007617
-0.007104
-0.006639
-0.00614
-0.005681
-0.005214
-0.004742
-0.004295
-0.003864
-0.003434
-0.003015
-0.002591
-0.002166
-0.001762
-0.00135
-0.000972
-0.000571
-0.000206
0.000172
0.000549
0.00091
0.001254
0.001598
0.001907
0.002248
0.002557
0.002861
0.003162
0.003465
0.003757
0.00403
0.004313
0.004602
0.004872
0.005145
0.005412
0.005692
0.005955
0.006222
0.006489
0.006741
0.007002
0.007264
0.007512
0.00775
0.008021
0.008248
0.008481
0.008723
0.008944
0.009167
0.009368
0.009581
0.009771
0.00997
0.010155
0.010339
0.010504
0.010683
0.010853
0.011019
0.011178
0.011326
0.011488
0.011638
0.011785
0.01192
0.012076
0.012194
0.012329
0.012467
0.012595
0.012705
0.012826
0.012939
0.013039
0.013151
0.013248
0.013327
0.013431
0.013504
0.013595
0.01367
0.013744
0.013818
0.01387
0.013933
0.013995
0.014033
0.014079
0.014114
0.014125
0.014195
0.014214
0.014243
0.014268
0.014277
0.014308
0.014321
0.014349
0.014354
0.014354
0.014371
0.01438
0.014379
0.014375
0.014374
0.014361
0.014364
0.014357
0.014334
0.014327
0.014316
0.014308
0.014299
0.014272
0.014252
0.014239
0.014214
0.014183
0.014155
0.014131
0.014108
0.014066
0.014035
0.014009
0.013973
0.013929
0.013897
0.013864
0.013821
0.013782
0.013746
0.013692
0.013644
0.013615
0.013578
0.013536
0.013487
0.013436
0.01337
0.01333
0.013279
0.013205
0.013177
0.013124
0.013065
0.01302
0.012962
0.012917
0.012852
0.012799
0.012741
0.012677
0.012619
0.012566
0.012501
0.012444
0.012393
0.012329
0.012271
0.01221
0.012136
0.012076
0.012018
0.011963
0.011901
0.011839
0.011783
0.011707
0.011647
0.011584
0.011511
0.011445
0.011375
0.011316
0.011253
0.011198
0.011126
0.011045
0.010996
0.010944
0.010852
0.010792
0.010741
0.010672
0.010596
0.010542
0.010462
0.010397
0.010338
0.01027
0.01021
0.010127
0.010062
0.010014
0.009936
0.00988
0.009805
0.00975
0.009673
0.009612
0.009548
0.009484
0.009408
0.009341
0.009278
0.009212
0.009148
0.009086
0.009009
0.008958
0.008889
0.008822
0.008778
0.008711
0.008627
0.008584
0.008509
0.008439
0.008371
0.008305
0.00825
0.008195
0.008113
0.008045
0.00799
0.007933
0.007862
0.015754
0.177856
0.176169
0.138781
0.11148
0.098899
0.088776
0.080481
0.073509
0.067466
0.062118
0.057288
0.05286
0.04873
0.044852
0.041167
0.03771
0.034412
0.031287
0.028309
0.025439
0.022686
0.02
0.01742
0.014922
0.012507
0.010189
0.007952
0.00579
0.003737
0.001752
-0.000115
-0.00195
-0.003707
-0.005385
-0.00702
-0.008576
-0.010084
-0.011543
-0.012958
-0.014319
-0.015642
-0.016944
-0.018203
-0.019429
-0.020626
-0.021796
-0.022934
-0.024034
-0.025106
-0.026182
-0.027237
-0.028234
-0.02923
-0.030209
-0.031163
-0.032128
-0.033048
-0.033954
-0.034863
-0.035725
-0.036587
-0.037443
-0.038268
-0.039079
-0.039855
-0.040618
-0.04135
-0.042051
-0.042728
-0.043365
-0.04396
-0.044505
-0.045041
-0.045496
-0.045936
-0.0463
-0.046649
-0.046926
-0.047149
-0.047355
-0.047498
-0.047594
-0.047661
-0.047672
-0.04766
-0.0476
-0.047523
-0.04739
-0.047236
-0.047035
-0.046809
-0.046553
-0.04627
-0.045967
-0.045643
-0.045274
-0.044902
-0.044503
-0.044067
-0.043626
-0.043177
-0.042699
-0.042204
-0.041695
-0.041191
-0.040674
-0.040129
-0.039575
-0.039018
-0.038425
-0.037861
-0.037278
-0.036671
-0.036081
-0.035479
-0.034858
-0.034242
-0.033611
-0.032982
-0.032347
-0.031717
-0.031087
-0.030438
-0.029793
-0.029157
-0.028518
-0.027888
-0.027246
-0.026588
-0.025949
-0.025311
-0.024667
-0.024017
-0.023417
-0.022776
-0.02217
-0.021538
-0.020921
-0.020305
-0.019683
-0.01909
-0.018495
-0.017891
-0.017296
-0.016702
-0.016116
-0.015536
-0.014957
-0.014376
-0.013811
-0.013255
-0.012694
-0.012157
-0.011612
-0.011065
-0.010537
-0.010012
-0.0095
-0.008983
-0.008475
-0.007981
-0.007487
-0.006998
-0.006506
-0.006024
-0.005557
-0.005092
-0.004638
-0.004175
-0.003742
-0.003326
-0.002895
-0.002468
-0.00207
-0.001668
-0.001259
-0.000872
-0.000497
-0.000125
0.000265
0.000616
0.001
0.001332
0.001674
0.001995
0.002309
0.002636
0.002942
0.003232
0.003534
0.003816
0.004094
0.004383
0.004654
0.004927
0.005208
0.005477
0.005749
0.006021
0.006288
0.00655
0.006803
0.007052
0.007321
0.007578
0.007816
0.008073
0.008294
0.008542
0.008763
0.00898
0.009195
0.009416
0.009622
0.009812
0.009997
0.010199
0.010373
0.010544
0.010717
0.010865
0.011036
0.011197
0.011359
0.011504
0.011663
0.011815
0.011932
0.012082
0.012216
0.012346
0.012486
0.012601
0.012723
0.012833
0.012932
0.013057
0.013155
0.013246
0.013339
0.013432
0.013517
0.01359
0.013669
0.013738
0.013802
0.013862
0.013927
0.013974
0.014014
0.014058
0.014107
0.014134
0.014173
0.014196
0.014229
0.014248
0.014265
0.014286
0.014313
0.014324
0.014337
0.014343
0.014348
0.014351
0.014359
0.014354
0.014362
0.014355
0.014337
0.014324
0.014313
0.014308
0.014309
0.01428
0.014268
0.014246
0.014222
0.014224
0.014186
0.014161
0.014125
0.014098
0.014066
0.014035
0.014003
0.013962
0.013926
0.01389
0.01386
0.013807
0.013776
0.01374
0.013708
0.013661
0.01362
0.01358
0.013528
0.01349
0.013438
0.013382
0.013328
0.013275
0.013235
0.013172
0.013122
0.013087
0.013041
0.012976
0.012929
0.012873
0.0128
0.012763
0.012703
0.012639
0.012584
0.012517
0.012459
0.012399
0.012354
0.012294
0.012232
0.012175
0.0121
0.012046
0.011981
0.01193
0.011856
0.011802
0.011734
0.011666
0.011622
0.011547
0.011478
0.011413
0.011337
0.011279
0.01122
0.011173
0.011104
0.011034
0.01096
0.010897
0.010827
0.010763
0.010705
0.010637
0.010576
0.010506
0.010417
0.010368
0.010318
0.010232
0.010177
0.010104
0.010039
0.009962
0.009907
0.009837
0.009775
0.009711
0.009636
0.009579
0.009518
0.009448
0.009373
0.009317
0.009247
0.009189
0.009128
0.009056
0.008981
0.008916
0.008872
0.008796
0.008726
0.008675
0.008607
0.008549
0.008472
0.008412
0.008351
0.008287
0.008229
0.008152
0.008088
0.008035
0.007973
0.007916
0.007852
0.096642
0.181884
0.171268
0.124721
0.10656
0.09504
0.085657
0.077884
0.071296
0.065529
0.060376
0.055692
0.051382
0.047351
0.043545
0.039945
0.036538
0.033293
0.030235
0.027295
0.024456
0.021723
0.019084
0.016517
0.014039
0.011669
0.009374
0.00717
0.005059
0.00302
0.00109
-0.000787
-0.002586
-0.004306
-0.005975
-0.007576
-0.009105
-0.010626
-0.012054
-0.013451
-0.014815
-0.016124
-0.017408
-0.01866
-0.019867
-0.021064
-0.022215
-0.023337
-0.024424
-0.025509
-0.026559
-0.027586
-0.028598
-0.029595
-0.030567
-0.031527
-0.032455
-0.033379
-0.034273
-0.035174
-0.036031
-0.036904
-0.037746
-0.038549
-0.039342
-0.040131
-0.040879
-0.041605
-0.042314
-0.042955
-0.043569
-0.044159
-0.044707
-0.045198
-0.045663
-0.046072
-0.046433
-0.046752
-0.047019
-0.047229
-0.047416
-0.047545
-0.047618
-0.047673
-0.047683
-0.047656
-0.047594
-0.047482
-0.04734
-0.047162
-0.046963
-0.046721
-0.046469
-0.046163
-0.045857
-0.045501
-0.04515
-0.044758
-0.044356
-0.043922
-0.04347
-0.043002
-0.042532
-0.042049
-0.041543
-0.041004
-0.040489
-0.03995
-0.039385
-0.038815
-0.038248
-0.03767
-0.037087
-0.036481
-0.035881
-0.035275
-0.034653
-0.034019
-0.033396
-0.032767
-0.032133
-0.031497
-0.030868
-0.030224
-0.029586
-0.02894
-0.028293
-0.027662
-0.027012
-0.02638
-0.025741
-0.025095
-0.024453
-0.023819
-0.023203
-0.022571
-0.02195
-0.021334
-0.020718
-0.020109
-0.019498
-0.018875
-0.01829
-0.017707
-0.017102
-0.016505
-0.015929
-0.015343
-0.014756
-0.0142
-0.01363
-0.013069
-0.012523
-0.011964
-0.011443
-0.010901
-0.010372
-0.009846
-0.009316
-0.00882
-0.008317
-0.007822
-0.007314
-0.006812
-0.006344
-0.005874
-0.005417
-0.004951
-0.004486
-0.00404
-0.003607
-0.003184
-0.00277
-0.002332
-0.001934
-0.001529
-0.001144
-0.000759
-0.000364
0.000009
0.000389
0.000735
0.001108
0.001432
0.001775
0.002101
0.002417
0.002725
0.003028
0.003324
0.003621
0.003909
0.004199
0.004463
0.004754
0.005028
0.005277
0.005573
0.005833
0.006102
0.006372
0.006636
0.006905
0.007143
0.007407
0.007668
0.007905
0.008137
0.008372
0.008604
0.008833
0.009061
0.009257
0.009483
0.009677
0.009872
0.010061
0.010243
0.010422
0.010601
0.010764
0.010939
0.011098
0.011253
0.011396
0.01155
0.011699
0.011844
0.011987
0.012124
0.01227
0.012396
0.012519
0.012638
0.012743
0.012868
0.012991
0.013089
0.01318
0.013274
0.013379
0.01346
0.013532
0.013614
0.013694
0.013757
0.013826
0.013879
0.013935
0.014
0.01405
0.014071
0.014115
0.014145
0.014178
0.014204
0.014234
0.014253
0.014282
0.014301
0.014328
0.014328
0.014329
0.014345
0.01436
0.014349
0.014361
0.014343
0.01435
0.014349
0.01432
0.014329
0.014318
0.014295
0.014294
0.01428
0.014238
0.014241
0.014219
0.014196
0.014176
0.014137
0.014106
0.014087
0.014041
0.014015
0.013988
0.013952
0.013902
0.013879
0.013836
0.01379
0.013754
0.013715
0.013687
0.013633
0.0136
0.013568
0.013504
0.013464
0.013409
0.013368
0.013311
0.013259
0.013213
0.013161
0.013102
0.013051
0.013011
0.012959
0.012896
0.012837
0.012795
0.012742
0.012677
0.012622
0.01257
0.012519
0.012453
0.012405
0.012332
0.012291
0.012218
0.012159
0.0121
0.012032
0.011975
0.011928
0.011853
0.011798
0.01173
0.011656
0.0116
0.011541
0.011467
0.011403
0.01133
0.01127
0.011204
0.011134
0.011071
0.011009
0.010944
0.010882
0.010811
0.010762
0.010699
0.010628
0.010553
0.01049
0.010409
0.010338
0.010289
0.010211
0.010142
0.010067
0.010013
0.00995
0.009886
0.009817
0.009754
0.009699
0.009634
0.009558
0.009484
0.009439
0.009361
0.009284
0.009225
0.009152
0.009099
0.009028
0.008967
0.0089
0.008846
0.008787
0.008709
0.008662
0.008584
0.008508
0.008447
0.008383
0.008332
0.008261
0.008198
0.00813
0.00808
0.008019
0.007954
0.007884
0.007801
0.159057
0.17843
0.153261
0.116598
0.102618
0.091951
0.083205
0.075912
0.069672
0.064128
0.059154
0.054617
0.05042
0.046462
0.042709
0.039178
0.035839
0.032653
0.029617
0.026715
0.023908
0.0212
0.01857
0.016022
0.013587
0.011236
0.008957
0.006773
0.004684
0.002659
0.000755
-0.001101
-0.002902
-0.004609
-0.006265
-0.007855
-0.00938
-0.010867
-0.012309
-0.013693
-0.015041
-0.016375
-0.017657
-0.018898
-0.020108
-0.02128
-0.022433
-0.023554
-0.024654
-0.025728
-0.026788
-0.027816
-0.028822
-0.029817
-0.030774
-0.031746
-0.0327
-0.033604
-0.034528
-0.035427
-0.036283
-0.03714
-0.03798
-0.038804
-0.039601
-0.040372
-0.041122
-0.041833
-0.042532
-0.04317
-0.04379
-0.044367
-0.044908
-0.045383
-0.045841
-0.046226
-0.046585
-0.046881
-0.047139
-0.047343
-0.047496
-0.047622
-0.047715
-0.047734
-0.047732
-0.047682
-0.047613
-0.047502
-0.047346
-0.047163
-0.046968
-0.04672
-0.046445
-0.046132
-0.045809
-0.045474
-0.045102
-0.044699
-0.044282
-0.043848
-0.043404
-0.042919
-0.042436
-0.041942
-0.041445
-0.040923
-0.040386
-0.039846
-0.039269
-0.038715
-0.038141
-0.037545
-0.036968
-0.036366
-0.035765
-0.03515
-0.034514
-0.033921
-0.033269
-0.032647
-0.032012
-0.031375
-0.030739
-0.030094
-0.029451
-0.028818
-0.028174
-0.027537
-0.026875
-0.026266
-0.025608
-0.024965
-0.024331
-0.023703
-0.023083
-0.022449
-0.021835
-0.021216
-0.020611
-0.020004
-0.019384
-0.01878
-0.018181
-0.017584
-0.016995
-0.016403
-0.015811
-0.015229
-0.014667
-0.014103
-0.013527
-0.012972
-0.01242
-0.011878
-0.011365
-0.010817
-0.010297
-0.009758
-0.009238
-0.008733
-0.008237
-0.007735
-0.00724
-0.006747
-0.006276
-0.005796
-0.00533
-0.004877
-0.004421
-0.003989
-0.003545
-0.003115
-0.002701
-0.002286
-0.001896
-0.00148
-0.001066
-0.000704
-0.00032
0.000063
0.000437
0.000785
0.001151
0.00147
0.001829
0.002136
0.002447
0.002757
0.003058
0.003358
0.003645
0.003924
0.004208
0.004486
0.00477
0.005033
0.005316
0.005584
0.005855
0.006121
0.006392
0.006639
0.006905
0.007159
0.007414
0.007679
0.007919
0.008158
0.008389
0.008624
0.008844
0.009065
0.009274
0.009485
0.009688
0.009879
0.010066
0.01025
0.010417
0.010611
0.010766
0.010925
0.011087
0.011243
0.011389
0.01154
0.011685
0.011836
0.011982
0.012092
0.012253
0.012374
0.012493
0.012614
0.012742
0.012854
0.012965
0.013054
0.013149
0.013246
0.013333
0.013425
0.013505
0.013596
0.01366
0.013721
0.013793
0.013847
0.013904
0.013945
0.01399
0.014024
0.014074
0.014104
0.014122
0.014157
0.01418
0.014222
0.014231
0.014236
0.014262
0.014289
0.014296
0.014289
0.014313
0.014303
0.014298
0.014299
0.014301
0.014295
0.014273
0.014277
0.014263
0.014252
0.014241
0.014224
0.01419
0.014188
0.014167
0.014133
0.014124
0.01409
0.014069
0.014041
0.014001
0.013965
0.013914
0.013889
0.013862
0.013827
0.013786
0.013748
0.01371
0.013676
0.013644
0.013584
0.013545
0.013513
0.013463
0.013397
0.013377
0.01331
0.013267
0.013206
0.013151
0.01312
0.013054
0.013006
0.012961
0.012895
0.012856
0.012789
0.012734
0.012685
0.01262
0.012561
0.012506
0.012446
0.012387
0.012332
0.012278
0.012212
0.012149
0.012076
0.012029
0.011963
0.011909
0.011855
0.011785
0.011709
0.011654
0.01159
0.011525
0.011467
0.011391
0.011326
0.011273
0.011204
0.011135
0.011077
0.011012
0.010945
0.010899
0.010811
0.010754
0.010693
0.010633
0.010565
0.010472
0.010419
0.010356
0.010286
0.010233
0.010153
0.010073
0.010027
0.009976
0.009908
0.009838
0.009762
0.009696
0.009642
0.009575
0.009505
0.009454
0.009376
0.009299
0.009243
0.009177
0.00911
0.009045
0.008981
0.008918
0.008851
0.008788
0.008728
0.008665
0.008618
0.00854
0.008475
0.008413
0.008345
0.008278
0.008224
0.008144
0.008083
0.008026
0.007965
0.007897
0.007841
0.032592
0.180506
0.175636
0.134852
0.110655
0.098431
0.088521
0.080364
0.07349
0.067526
0.06221
0.057395
0.052997
0.048889
0.045017
0.041343
0.037883
0.034591
0.031466
0.028478
0.025617
0.022834
0.02017
0.017574
0.015076
0.012656
0.010337
0.008093
0.005938
0.003878
0.001896
0
-0.001829
-0.003592
-0.005286
-0.006907
-0.008477
-0.009992
-0.011465
-0.012887
-0.014264
-0.015601
-0.016914
-0.018176
-0.019406
-0.020613
-0.021774
-0.022908
-0.024039
-0.025119
-0.026184
-0.027208
-0.028247
-0.029254
-0.030234
-0.031218
-0.032169
-0.033082
-0.034014
-0.03491
-0.035803
-0.03668
-0.037542
-0.038386
-0.039182
-0.039961
-0.04074
-0.041472
-0.042182
-0.042864
-0.043493
-0.044098
-0.044659
-0.045164
-0.045635
-0.046053
-0.046438
-0.046768
-0.047055
-0.047287
-0.047474
-0.047622
-0.04771
-0.047767
-0.047792
-0.047772
-0.047718
-0.047619
-0.047485
-0.047338
-0.047123
-0.046905
-0.046653
-0.04636
-0.046055
-0.045711
-0.045351
-0.044971
-0.044569
-0.044134
-0.043705
-0.043228
-0.042766
-0.042258
-0.041779
-0.041266
-0.040715
-0.040174
-0.039633
-0.039064
-0.038498
-0.037919
-0.03735
-0.036738
-0.036128
-0.035513
-0.034905
-0.03429
-0.033658
-0.03302
-0.032393
-0.031752
-0.031123
-0.03048
-0.029838
-0.029201
-0.028568
-0.027921
-0.027277
-0.026619
-0.026003
-0.025364
-0.024703
-0.024092
-0.023448
-0.022823
-0.022193
-0.021577
-0.020961
-0.020339
-0.019727
-0.019106
-0.018522
-0.017938
-0.017334
-0.016739
-0.016145
-0.015568
-0.014975
-0.014404
-0.013842
-0.013285
-0.012715
-0.012174
-0.011627
-0.011102
-0.010574
-0.010038
-0.009538
-0.009007
-0.008497
-0.008002
-0.007507
-0.007002
-0.006536
-0.006043
-0.005574
-0.005118
-0.004667
-0.004223
-0.003781
-0.003341
-0.00293
-0.002508
-0.002087
-0.001695
-0.001291
-0.000902
-0.00051
-0.00013
0.000231
0.00061
0.000965
0.001304
0.00164
0.001964
0.002281
0.002601
0.002912
0.003204
0.003497
0.003772
0.004071
0.004345
0.004629
0.004908
0.005178
0.005451
0.005719
0.005994
0.00626
0.00653
0.006778
0.007044
0.007295
0.007544
0.007793
0.008029
0.008258
0.008507
0.008738
0.008966
0.009172
0.009385
0.009588
0.009776
0.009981
0.010156
0.010332
0.010526
0.010682
0.010858
0.011019
0.011181
0.01133
0.011478
0.011627
0.011762
0.011916
0.01206
0.012169
0.012311
0.012436
0.012559
0.012678
0.012796
0.012908
0.013007
0.013112
0.013206
0.013297
0.013406
0.013479
0.013552
0.01363
0.013701
0.013766
0.013825
0.013884
0.013925
0.013972
0.014022
0.014046
0.014086
0.01413
0.014154
0.014186
0.014194
0.014217
0.014259
0.014268
0.014282
0.014284
0.0143
0.014301
0.014316
0.014315
0.014312
0.01431
0.014298
0.014287
0.014275
0.014272
0.014265
0.014254
0.014217
0.014207
0.0142
0.01418
0.014157
0.01412
0.014107
0.014085
0.014051
0.014023
0.013984
0.013957
0.013911
0.013878
0.013855
0.013816
0.013769
0.013738
0.013689
0.013659
0.013629
0.013586
0.013526
0.013489
0.013432
0.013393
0.013352
0.013288
0.013241
0.013202
0.013142
0.013086
0.013036
0.012986
0.012941
0.012883
0.012829
0.012769
0.012715
0.012656
0.012607
0.01254
0.012497
0.012436
0.012362
0.012304
0.012242
0.012191
0.012129
0.012065
0.012013
0.011947
0.011884
0.011834
0.011777
0.0117
0.011638
0.01158
0.011507
0.011451
0.011374
0.011316
0.01126
0.01118
0.011119
0.011057
0.01101
0.010937
0.01086
0.010807
0.010741
0.010669
0.010594
0.010545
0.010467
0.010408
0.010343
0.010269
0.010209
0.010128
0.010062
0.01
0.009949
0.009878
0.009825
0.009743
0.009685
0.009614
0.009559
0.009493
0.00941
0.009353
0.009292
0.009231
0.009148
0.009091
0.00903
0.008942
0.008891
0.008818
0.008765
0.008721
0.008633
0.00858
0.008525
0.008452
0.008394
0.008321
0.008254
0.008189
0.008123
0.008061
0.008013
0.007947
0.007876
0.007822
0.117045
0.181192
0.167538
0.122749
0.106062
0.094788
0.08558
0.077953
0.071447
0.065733
0.060624
0.055958
0.051667
0.047652
0.043841
0.040253
0.036852
0.033624
0.03055
0.027609
0.024761
0.022045
0.019372
0.016816
0.014336
0.011952
0.009651
0.007444
0.005312
0.003285
0.001324
-0.000558
-0.002355
-0.004103
-0.00577
-0.007376
-0.008939
-0.010438
-0.011896
-0.013299
-0.014676
-0.015997
-0.0173
-0.018567
-0.019803
-0.020988
-0.022153
-0.023292
-0.024399
-0.025503
-0.026556
-0.027588
-0.028622
-0.029621
-0.030621
-0.031581
-0.032536
-0.033468
-0.034399
-0.035297
-0.036188
-0.037066
-0.037895
-0.038731
-0.03954
-0.040314
-0.041083
-0.041806
-0.042512
-0.043173
-0.043788
-0.04439
-0.044928
-0.045417
-0.045874
-0.046284
-0.046639
-0.046956
-0.047202
-0.047446
-0.047615
-0.047727
-0.047822
-0.047854
-0.047847
-0.047825
-0.047751
-0.047629
-0.047481
-0.047311
-0.047113
-0.046866
-0.0466
-0.046305
-0.045979
-0.045631
-0.045259
-0.044862
-0.044452
-0.044019
-0.043574
-0.043102
-0.042611
-0.042133
-0.041624
-0.041091
-0.040561
-0.040007
-0.039457
-0.038884
-0.038308
-0.03773
-0.037138
-0.036538
-0.035947
-0.035322
-0.034704
-0.034075
-0.033447
-0.032804
-0.032159
-0.031535
-0.030907
-0.030262
-0.029609
-0.028975
-0.028325
-0.027698
-0.027064
-0.026395
-0.025767
-0.025117
-0.02447
-0.023852
-0.023227
-0.022592
-0.021967
-0.021338
-0.020722
-0.020118
-0.019514
-0.0189
-0.018297
-0.017703
-0.017111
-0.016516
-0.015933
-0.015343
-0.014769
-0.014183
-0.013631
-0.013078
-0.012532
-0.011984
-0.011426
-0.010903
-0.010381
-0.009839
-0.009318
-0.008828
-0.008305
-0.007818
-0.007314
-0.006834
-0.00635
-0.005883
-0.005401
-0.004935
-0.004485
-0.004053
-0.003607
-0.003186
-0.002768
